0 0.0188802083333 0.234375 0.03515625 0.0694444444444
0 0.0970052083333 0.313368055556 0.0481770833333 0.0572916666667
0 0.0592447916667 0.376736111111 0.0716145833333 0.0694444444444
0 0.181640625 0.237847222222 0.0481770833333 0.0520833333333
0 0.25390625 0.360243055556 0.0572916666667 0.0677083333333
0 0.5546875 0.196180555556 0.0598958333333 0.0625
0 0.80078125 0.1171875 0.0442708333333 0.0572916666667
0 0.865885416667 0.149305555556 0.0442708333333 0.0555555555556
0 0.936848958333 0.152777777778 0.05859375 0.0763888888889
0 0.825520833333 0.192708333333 0.0546875 0.0590277777778
0 0.706380208333 0.391493055556 0.0690104166667 0.0885416666667
0 0.778645833333 0.440972222222 0.0625 0.0729166666667
0 0.848307291667 0.490451388889 0.06640625 0.078125
0 0.955078125 0.467881944444 0.0611979166667 0.0642361111111
0 0.979166666667 0.7421875 0.0390625 0.078125
0 0.90625 0.767361111111 0.0729166666667 0.0763888888889
0 0.826171875 0.7578125 0.0638020833333 0.0538194444444
0 0.57421875 0.592881944444 0.0703125 0.0815972222222
0 0.622395833333 0.609375 0.0625 0.0833333333333
0 0.374348958333 0.705729166667 0.0690104166667 0.0850694444444
0 0.235026041667 0.806423611111 0.0611979166667 0.078125
0 0.132161458333 0.6796875 0.0638020833333 0.0746527777778
0 0.102864583333 0.713541666667 0.0651041666667 0.0729166666667
