0 0.380208333333 0.484375 0.166666666667 0.194444444444
0 0.529947916667 0.309027777778 0.1640625 0.208333333333
0 0.7890625 0.435763888889 0.182291666667 0.21875
0 0.535807291667 0.650173611111 0.162760416667 0.178819444444
0 0.692708333333 0.704861111111 0.151041666667 0.170138888889
0 0.880208333333 0.6328125 0.135416666667 0.175347222222
0 0.400390625 0.715277777778 0.123697916667 0.15625
0 0.395833333333 0.803819444444 0.0885416666667 0.100694444444
0 0.436848958333 0.881944444444 0.0794270833333 0.107638888889
0 0.46875 0.813368055556 0.0859375 0.109375
0 0.69140625 0.836805555556 0.0807291666667 0.0902777777778
0 0.74609375 0.892361111111 0.0703125 0.0868055555556
0 0.805338541667 0.815972222222 0.07421875 0.104166666667
0 0.473958333333 0.971354166667 0.0729166666667 0.0538194444444
0 0.243489583333 0.794270833333 0.0625 0.0642361111111
0 0.837890625 0.970486111111 0.05859375 0.0520833333333
0 0.407552083333 0.3125 0.1484375 0.1875
