0 0.328125 0.780381944444 0.184895833333 0.282986111111
0 0.518229166667 0.417534722222 0.200520833333 0.321180555556
0 0.712890625 0.34375 0.24609375 0.395833333333
0 0.4609375 0.241319444444 0.1953125 0.256944444444
0 0.285807291667 0.2265625 0.20703125 0.317708333333
0 0.289713541667 0.0824652777778 0.180989583333 0.171875
0 0.0618489583333 0.0789930555556 0.123697916667 0.168402777778
0 0.068359375 0.346354166667 0.139322916667 0.255208333333
0 0.0462239583333 0.853298611111 0.08984375 0.293402777778
0 0.956380208333 0.235243055556 0.0872395833333 0.324652777778
0 0.856770833333 0.116319444444 0.174479166667 0.222222222222
