0 0.695963541667 0.259548611111 0.0924479166667 0.116319444444
0 0.581380208333 0.383680555556 0.0872395833333 0.107638888889
0 0.483072916667 0.457465277778 0.1015625 0.105902777778
0 0.251953125 0.626736111111 0.100260416667 0.138888888889
0 0.190104166667 0.719618055556 0.0833333333333 0.102430555556
0 0.0846354166667 0.836805555556 0.0729166666667 0.107638888889
0 0.223307291667 0.963541666667 0.0924479166667 0.0763888888889
0 0.338541666667 0.942708333333 0.0885416666667 0.107638888889
0 0.430989583333 0.907118055556 0.104166666667 0.123263888889
0 0.379557291667 0.7734375 0.0924479166667 0.105902777778
0 0.514322916667 0.904513888889 0.0729166666667 0.0868055555556
0 0.66796875 0.724826388889 0.0989583333333 0.130208333333
0 0.6796875 0.908854166667 0.09375 0.126736111111
0 0.682942708333 0.963541666667 0.0872395833333 0.0729166666667
0 0.977918836806 0.42739679784 0.0406901041667 0.0614872685185
0 0.977918836806 0.507571373457 0.0424985532407 0.0602816358025
0 0.914171006944 0.638382523148 0.0470196759259 0.0687210648148
0 0.957121672454 0.658275462963 0.0406901041667 0.0626929012346
0 0.892921730324 0.726996527778 0.0406901041667 0.048225308642
0 0.901511863426 0.770399305556 0.0379774305556 0.0434027777778
0 0.93089916088 0.761959876543 0.0352647569444 0.0458140432099
