0 0.2421875 0.411458333333 0.225 0.28125
0 0.153125 0.577083333333 0.209375 0.229166666667
0 0.39140625 0.604166666667 0.1671875 0.2375
0 0.671875 0.496875 0.16875 0.197916666667
0 0.528125 0.396875 0.1375 0.147916666667
0 0.759375 0.532291666667 0.1 0.15625
0 0.62890625 0.711458333333 0.0828125 0.102083333333
0 0.67578125 0.755208333333 0.0640625 0.110416666667
0 0.534375 0.7625 0.090625 0.116666666667
0 0.03515625 0.645833333333 0.0703125 0.108333333333
0 0.06484375 0.580208333333 0.0828125 0.15625
0 0.140625 0.770833333333 0.084375 0.1125
0 0.0375 0.789583333333 0.075 0.116666666667
0 0.02734375 0.734375 0.0515625 0.09375
0 0.075 0.867708333333 0.078125 0.122916666667
0 0.06015625 0.953125 0.1171875 0.0854166666667
0 0.49609375 0.622916666667 0.1328125 0.191666666667
0 0.79921875 0.671875 0.0703125 0.102083333333
0 0.900299951373 0.873176703782 0.0245940701625 0.0300012770776
0 0.915736654985 0.873176703782 0.0177914550111 0.0258150523691
0 0.900038312329 0.889572750557 0.0188380111883 0.0237219400149
0 0.98323952841 0.987251327089 0.025117348251 0.025117348251
