0 0.475911458333 0.614583333333 0.173177083333 0.246527777778
0 0.611979166667 0.496527777778 0.174479166667 0.243055555556
0 0.592447916667 0.241319444444 0.169270833333 0.260416666667
0 0.685546875 0.375 0.139322916667 0.211805555556
0 0.783854166667 0.371527777778 0.1171875 0.229166666667
0 0.832682291667 0.9140625 0.141927083333 0.175347222222
0 0.536458333333 0.853298611111 0.169270833333 0.237847222222
0 0.434244791667 0.874131944444 0.131510416667 0.220486111111
0 0.333333333333 0.883680555556 0.1484375 0.208333333333
0 0.256510416667 0.895833333333 0.15625 0.197916666667
0 0.236328125 0.572048611111 0.12890625 0.223958333333
