0 0.154947916667 0.840277777778 0.197916666667 0.208333333333
0 0.386067708333 0.815104166667 0.209635416667 0.272569444444
0 0.550130208333 0.779513888889 0.180989583333 0.253472222222
0 0.76953125 0.758680555556 0.1796875 0.204861111111
0 0.920572916667 0.741319444444 0.122395833333 0.201388888889
0 0.843098958333 0.555555555556 0.162760416667 0.1875
0 0.699869791667 0.605034722222 0.178385416667 0.203125
0 0.369791666667 0.641493055556 0.203125 0.178819444444
0 0.373046875 0.491319444444 0.186197916667 0.236111111111
0 0.240885416667 0.381076388889 0.1875 0.213541666667
0 0.0625 0.309027777778 0.1171875 0.239583333333
0 0.281901041667 0.200520833333 0.188802083333 0.227430555556
0 0.600260416667 0.180555555556 0.1640625 0.215277777778
0 0.632161458333 0.361979166667 0.16796875 0.217013888889
0 0.904296875 0.421875 0.12109375 0.1875
0 0.889322916667 0.293402777778 0.114583333333 0.128472222222
0 0.861979166667 0.0755208333333 0.1015625 0.133680555556
0 0.4921875 0.1875 0.135416666667 0.201388888889
