0 0.40546875 0.105208333333 0.0640625 0.0854166666667
0 0.440625 0.0958333333333 0.059375 0.0708333333333
0 0.61171875 0.172916666667 0.0640625 0.0875
0 0.7640625 0.151041666667 0.065625 0.0854166666667
0 0.227213541667 0.473090277778 0.0611979166667 0.0746527777778
0 0.172526041667 0.5859375 0.06640625 0.0815972222222
0 0.211588541667 0.719618055556 0.06640625 0.0850694444444
0 0.442057291667 0.559895833333 0.0690104166667 0.0885416666667
0 0.404947916667 0.685763888889 0.0755208333333 0.0902777777778
0 0.361979166667 0.754340277778 0.0703125 0.078125
0 0.331380208333 0.6875 0.07421875 0.0868055555556
0 0.511067708333 0.565104166667 0.0559895833333 0.0815972222222
0 0.352864583333 0.512152777778 0.0625 0.0868055555556
0 0.430338541667 0.489583333333 0.0638020833333 0.0798611111111
0 0.533854166667 0.310763888889 0.0625 0.0833333333333
0 0.57421875 0.378472222222 0.0546875 0.0763888888889
0 0.514322916667 0.3984375 0.0572916666667 0.0746527777778
0 0.791015625 0.46875 0.0559895833333 0.0833333333333
0 0.833984375 0.353298611111 0.0690104166667 0.078125
0 0.928385416667 0.254340277778 0.0572916666667 0.078125
0 0.891276041667 0.555555555556 0.05859375 0.0868055555556
