0 0.160807291667 0.329861111111 0.08203125 0.100694444444
0 0.180338541667 0.433159722222 0.0950520833333 0.0885416666667
0 0.194010416667 0.53125 0.0755208333333 0.0902777777778
0 0.11328125 0.548611111111 0.0807291666667 0.0902777777778
0 0.411458333333 0.789930555556 0.109375 0.114583333333
0 0.525390625 0.703125 0.0872395833333 0.118055555556
0 0.384114583333 0.6328125 0.078125 0.112847222222
0 0.442057291667 0.609375 0.0768229166667 0.0868055555556
0 0.516927083333 0.486979166667 0.0807291666667 0.112847222222
0 0.554036458333 0.564236111111 0.0846354166667 0.104166666667
0 0.621744791667 0.534722222222 0.07421875 0.121527777778
0 0.66015625 0.432291666667 0.0755208333333 0.111111111111
0 0.694661458333 0.292534722222 0.07421875 0.0885416666667
0 0.794921875 0.395833333333 0.07421875 0.0902777777778
0 0.831380208333 0.895833333333 0.08203125 0.104166666667
0 0.76953125 0.953125 0.119791666667 0.0902777777778
