0 0.3109375 0.916666666667 0.115625 0.120833333333
0 0.61484375 0.571875 0.1140625 0.11875
0 0.69296875 0.678125 0.0921875 0.09375
0 0.640625 0.684375 0.06875 0.0854166666667
0 0.6515625 0.948958333333 0.10625 0.10625
0 0.7140625 0.96875 0.125 0.0583333333333
0 0.928125 0.84375 0.121875 0.154166666667
0 0.93828125 0.453125 0.1171875 0.139583333333
0 0.965625 0.0864583333333 0.06875 0.102083333333
0 0.965625 0.2625 0.065625 0.125
0 0.9015625 0.123958333333 0.10625 0.11875
0 0.74453125 0.88125 0.1203125 0.141666666667
