0 0.370442708333 0.565104166667 0.0533854166667 0.0607638888889
0 0.305989583333 0.611111111111 0.046875 0.0625
0 0.363932291667 0.130208333333 0.0533854166667 0.0590277777778
0 0.357421875 0.199652777778 0.0455729166667 0.0659722222222
0 0.392578125 0.203125 0.0403645833333 0.0486111111111
0 0.507161458333 0.223958333333 0.0611979166667 0.0729166666667
0 0.721354166667 0.265625 0.0546875 0.0694444444444
0 0.901692708333 0.401909722222 0.0533854166667 0.0642361111111
0 0.61328125 0.584201388889 0.0546875 0.0746527777778
0 0.524739583333 0.421875 0.0494791666667 0.0625
0 0.440755208333 0.358506944444 0.05078125 0.0607638888889
0 0.427734375 0.395833333333 0.04296875 0.0451388888889
0 0.23828125 0.315104166667 0.0598958333333 0.0642361111111
0 0.201822916667 0.213541666667 0.0572916666667 0.0590277777778
0 0.126302083333 0.559895833333 0.0390625 0.0607638888889
0 0.174479166667 0.587673611111 0.0416666666667 0.0538194444444
0 0.205078125 0.579861111111 0.0481770833333 0.0625
0 0.139322916667 0.686631944444 0.0390625 0.0503472222222
0 0.484375 0.753472222222 0.0572916666667 0.0729166666667
0 0.546223958333 0.793402777778 0.05859375 0.0590277777778
0 0.460286458333 0.631076388889 0.0481770833333 0.0642361111111
0 0.104166666667 0.705729166667 0.0390625 0.0399305555556
0 0.360677083333 0.412326388889 0.0651041666667 0.0746527777778
