0 0.0890625 0.607291666667 0.09375 0.139583333333
0 0.2046875 0.55 0.096875 0.129166666667
0 0.25078125 0.488541666667 0.0953125 0.11875
0 0.34296875 0.460416666667 0.1296875 0.15
0 0.465625 0.470833333333 0.146875 0.204166666667
0 0.35078125 0.55625 0.1015625 0.108333333333
0 0.1390625 0.38125 0.103125 0.0958333333333
0 0.30546875 0.648958333333 0.0921875 0.10625
0 0.3515625 0.691666666667 0.090625 0.0958333333333
0 0.4328125 0.733333333333 0.090625 0.1
0 0.40078125 0.778125 0.0734375 0.0854166666667
0 0.73671875 0.49375 0.1015625 0.116666666667
0 0.803125 0.508333333333 0.084375 0.120833333333
0 0.92734375 0.320833333333 0.1109375 0.133333333333
0 0.875 0.604166666667 0.096875 0.141666666667
0 0.59765625 0.334375 0.0921875 0.110416666667
0 0.6640625 0.23125 0.09375 0.104166666667
0 0.521875 0.902083333333 0.071875 0.0833333333333
0 0.5859375 0.932291666667 0.05 0.05625
0 0.52421875 0.977083333333 0.0515625 0.0416666666667
0 0.15234375 0.980208333333 0.0421875 0.0354166666667
0 0.23046875 0.936458333333 0.0609375 0.0520833333333
